
# эйл., гам. путь, гам. цикл
0 1
1 0

# эйл., гам. пути
0 1 0
1 0 1
0 1 0

# эйл., гам. пути
0 1 0
1 0 1
0 0 0

# гам. путь и цикл
0 1 0 0
1 0 1 1
1 0 0 1
1 1 1 0

# эйл., гам. путь, гам. цикл
0 1 0 1
1 0 1 1
1 1 0 1
1 1 1 0

# эйл., гам. пути
0 1 0 1
1 0 0 1
0 0 0 1
1 1 1 0

# эйл., гам. пути
0 1 0 1
1 0 0 1
0 0 0 1
1 1 1 0

# эйл., гам. путь, гам. цикл
0 1 0 0
0 0 0 1
1 1 0 0
0 0 1 0

# эйл. цикл, гам. путь, гам. цикл
0 1 0 0
0 0 0 1
1 0 0 0
0 0 1 0

# эйл., гам. путь, гам. цикл
0 1 1 0 0
1 0 0 0 0
0 0 0 1 0
0 0 0 0 1
1 1 0 0 0

# эйл. цикл, гам. путь
0 1 1 0 0
1 0 0 0 0
0 0 0 1 0
0 0 0 0 1
1 0 0 0 0

# эйл. путь, гам. путь
0 0 1 0 0
1 0 0 0 0
0 0 0 1 0
0 0 0 0 1
1 0 0 0 0

# эйл., гам. путь, гам. цикл
0 1 0 0 1 0
0 0 0 1 0 0
1 0 0 0 0 0
0 0 1 0 0 0
0 0 0 0 0 1
0 1 0 0 0 0

# эйл. цикл, гам. путь
0 1 0 0 1 0
0 0 0 1 0 0
1 0 0 0 0 0
0 0 1 0 0 0
0 0 0 0 0 1
1 0 0 0 0 0

# эйл., гам. путь, гам. цикл
0 1 1 0 1 0
1 0 0 1 0 1
1 0 0 1 0 0
0 1 1 0 0 0
1 0 0 0 0 1
0 1 0 0 1 0

# эйл., гам. путь, гам. цикл
0 1 1 1 1 1 1
1 0 1 1 1 1 1
1 1 0 1 0 1 1
1 1 1 0 0 1 1
1 1 1 0 0 0 1
1 1 1 1 0 0 1
1 1 1 1 1 1 0